# 64 384
0 1 1
0 2 1
0 4 1
0 8 1
0 16 1
0 32 1
1 0 1
1 3 1
1 5 1
1 9 1
1 17 1
1 33 1
2 0 1
2 3 1
2 6 1
2 10 1
2 18 1
2 34 1
3 1 1
3 2 1
3 7 1
3 11 1
3 19 1
3 35 1
4 0 1
4 5 1
4 6 1
4 12 1
4 20 1
4 36 1
5 1 1
5 4 1
5 7 1
5 13 1
5 21 1
5 37 1
6 2 1
6 4 1
6 7 1
6 14 1
6 22 1
6 38 1
7 3 1
7 5 1
7 6 1
7 15 1
7 23 1
7 39 1
8 0 1
8 9 1
8 10 1
8 12 1
8 24 1
8 40 1
9 1 1
9 8 1
9 11 1
9 13 1
9 25 1
9 41 1
10 2 1
10 8 1
10 11 1
10 14 1
10 26 1
10 42 1
11 3 1
11 9 1
11 10 1
11 15 1
11 27 1
11 43 1
12 4 1
12 8 1
12 13 1
12 14 1
12 28 1
12 44 1
13 5 1
13 9 1
13 12 1
13 15 1
13 29 1
13 45 1
14 6 1
14 10 1
14 12 1
14 15 1
14 30 1
14 46 1
15 7 1
15 11 1
15 13 1
15 14 1
15 31 1
15 47 1
16 0 1
16 17 1
16 18 1
16 20 1
16 24 1
16 48 1
17 1 1
17 16 1
17 19 1
17 21 1
17 25 1
17 49 1
18 2 1
18 16 1
18 19 1
18 22 1
18 26 1
18 50 1
19 3 1
19 17 1
19 18 1
19 23 1
19 27 1
19 51 1
20 4 1
20 16 1
20 21 1
20 22 1
20 28 1
20 52 1
21 5 1
21 17 1
21 20 1
21 23 1
21 29 1
21 53 1
22 6 1
22 18 1
22 20 1
22 23 1
22 30 1
22 54 1
23 7 1
23 19 1
23 21 1
23 22 1
23 31 1
23 55 1
24 8 1
24 16 1
24 25 1
24 26 1
24 28 1
24 56 1
25 9 1
25 17 1
25 24 1
25 27 1
25 29 1
25 57 1
26 10 1
26 18 1
26 24 1
26 27 1
26 30 1
26 58 1
27 11 1
27 19 1
27 25 1
27 26 1
27 31 1
27 59 1
28 12 1
28 20 1
28 24 1
28 29 1
28 30 1
28 60 1
29 13 1
29 21 1
29 25 1
29 28 1
29 31 1
29 61 1
30 14 1
30 22 1
30 26 1
30 28 1
30 31 1
30 62 1
31 15 1
31 23 1
31 27 1
31 29 1
31 30 1
31 63 1
32 0 1
32 33 1
32 34 1
32 36 1
32 40 1
32 48 1
33 1 1
33 32 1
33 35 1
33 37 1
33 41 1
33 49 1
34 2 1
34 32 1
34 35 1
34 38 1
34 42 1
34 50 1
35 3 1
35 33 1
35 34 1
35 39 1
35 43 1
35 51 1
36 4 1
36 32 1
36 37 1
36 38 1
36 44 1
36 52 1
37 5 1
37 33 1
37 36 1
37 39 1
37 45 1
37 53 1
38 6 1
38 34 1
38 36 1
38 39 1
38 46 1
38 54 1
39 7 1
39 35 1
39 37 1
39 38 1
39 47 1
39 55 1
40 8 1
40 32 1
40 41 1
40 42 1
40 44 1
40 56 1
41 9 1
41 33 1
41 40 1
41 43 1
41 45 1
41 57 1
42 10 1
42 34 1
42 40 1
42 43 1
42 46 1
42 58 1
43 11 1
43 35 1
43 41 1
43 42 1
43 47 1
43 59 1
44 12 1
44 36 1
44 40 1
44 45 1
44 46 1
44 60 1
45 13 1
45 37 1
45 41 1
45 44 1
45 47 1
45 61 1
46 14 1
46 38 1
46 42 1
46 44 1
46 47 1
46 62 1
47 15 1
47 39 1
47 43 1
47 45 1
47 46 1
47 63 1
48 16 1
48 32 1
48 49 1
48 50 1
48 52 1
48 56 1
49 17 1
49 33 1
49 48 1
49 51 1
49 53 1
49 57 1
50 18 1
50 34 1
50 48 1
50 51 1
50 54 1
50 58 1
51 19 1
51 35 1
51 49 1
51 50 1
51 55 1
51 59 1
52 20 1
52 36 1
52 48 1
52 53 1
52 54 1
52 60 1
53 21 1
53 37 1
53 49 1
53 52 1
53 55 1
53 61 1
54 22 1
54 38 1
54 50 1
54 52 1
54 55 1
54 62 1
55 23 1
55 39 1
55 51 1
55 53 1
55 54 1
55 63 1
56 24 1
56 40 1
56 48 1
56 57 1
56 58 1
56 60 1
57 25 1
57 41 1
57 49 1
57 56 1
57 59 1
57 61 1
58 26 1
58 42 1
58 50 1
58 56 1
58 59 1
58 62 1
59 27 1
59 43 1
59 51 1
59 57 1
59 58 1
59 63 1
60 28 1
60 44 1
60 52 1
60 56 1
60 61 1
60 62 1
61 29 1
61 45 1
61 53 1
61 57 1
61 60 1
61 63 1
62 30 1
62 46 1
62 54 1
62 58 1
62 60 1
62 63 1
63 31 1
63 47 1
63 55 1
63 59 1
63 61 1
63 62 1
