# 40 520
0 26 1
0 6 1
0 28 1
0 21 1
0 9 1
0 8 1
0 7 1
0 32 1
0 12 1
0 2 1
0 1 1
0 13 1
0 16 1
0 3 1
0 25 1
0 34 1
1 6 1
1 28 1
1 26 1
1 7 1
1 22 1
1 3 1
1 0 1
1 34 1
1 15 1
1 37 1
1 39 1
1 19 1
1 20 1
1 5 1
1 11 1
1 12 1
2 14 1
2 3 1
2 13 1
2 8 1
2 17 1
2 32 1
2 21 1
2 30 1
2 16 1
2 37 1
2 0 1
2 20 1
2 36 1
2 34 1
2 10 1
2 19 1
3 23 1
3 5 1
3 2 1
3 18 1
3 31 1
3 8 1
3 19 1
3 22 1
3 7 1
3 16 1
3 1 1
3 25 1
3 13 1
3 0 1
3 27 1
3 12 1
4 35 1
4 29 1
4 10 1
4 33 1
4 22 1
4 36 1
4 13 1
4 14 1
4 37 1
4 5 1
4 32 1
4 25 1
4 27 1
4 18 1
4 9 1
4 11 1
5 29 1
5 31 1
5 26 1
5 3 1
5 32 1
5 30 1
5 27 1
5 16 1
5 24 1
5 13 1
5 8 1
5 4 1
5 14 1
5 1 1
5 18 1
5 19 1
6 1 1
6 23 1
6 36 1
6 35 1
6 13 1
6 27 1
6 22 1
6 10 1
6 33 1
6 0 1
6 21 1
6 26 1
6 25 1
6 14 1
6 18 1
6 11 1
7 28 1
7 34 1
7 39 1
7 12 1
7 18 1
7 1 1
7 13 1
7 17 1
7 0 1
7 3 1
7 15 1
7 9 1
7 11 1
7 38 1
7 10 1
7 20 1
8 12 1
8 33 1
8 18 1
8 30 1
8 38 1
8 36 1
8 2 1
8 29 1
8 15 1
8 3 1
8 19 1
8 0 1
8 26 1
8 24 1
8 14 1
8 5 1
9 14 1
9 11 1
9 19 1
9 21 1
9 10 1
9 17 1
9 23 1
9 13 1
9 36 1
9 0 1
9 12 1
9 32 1
9 7 1
9 38 1
9 4 1
9 16 1
10 21 1
10 22 1
10 30 1
10 4 1
10 18 1
10 39 1
10 34 1
10 6 1
10 9 1
10 15 1
10 16 1
10 13 1
10 2 1
10 7 1
10 25 1
10 17 1
11 35 1
11 28 1
11 13 1
11 30 1
11 9 1
11 15 1
11 19 1
11 7 1
11 16 1
11 25 1
11 12 1
11 39 1
11 20 1
11 4 1
11 1 1
11 6 1
12 20 1
12 8 1
12 7 1
12 33 1
12 17 1
12 35 1
12 0 1
12 9 1
12 23 1
12 39 1
12 34 1
12 25 1
12 3 1
12 11 1
12 13 1
12 1 1
13 31 1
13 11 1
13 6 1
13 2 1
13 4 1
13 7 1
13 9 1
13 19 1
13 5 1
13 10 1
13 0 1
13 3 1
13 22 1
13 12 1
13 18 1
13 28 1
14 9 1
14 2 1
14 33 1
14 38 1
14 19 1
14 4 1
14 30 1
14 6 1
14 29 1
14 39 1
14 8 1
14 27 1
14 32 1
14 5 1
14 36 1
14 17 1
15 31 1
15 34 1
15 11 1
15 26 1
15 38 1
15 8 1
15 10 1
15 27 1
15 21 1
15 22 1
15 24 1
15 35 1
15 7 1
15 16 1
15 1 1
15 18 1
16 23 1
16 26 1
16 28 1
16 36 1
16 29 1
16 33 1
16 5 1
16 2 1
16 10 1
16 3 1
16 0 1
16 24 1
16 15 1
16 11 1
16 9 1
16 17 1
17 39 1
17 32 1
17 37 1
17 9 1
17 25 1
17 28 1
17 2 1
17 7 1
17 12 1
17 29 1
17 20 1
17 38 1
17 14 1
17 18 1
17 16 1
17 10 1
18 22 1
18 7 1
18 10 1
18 8 1
18 3 1
18 30 1
18 39 1
18 6 1
18 32 1
18 38 1
18 4 1
18 17 1
18 15 1
18 19 1
18 13 1
18 5 1
19 28 1
19 31 1
19 25 1
19 14 1
19 9 1
19 8 1
19 11 1
19 13 1
19 3 1
19 37 1
19 20 1
19 36 1
19 2 1
19 18 1
19 1 1
19 5 1
20 12 1
20 31 1
20 24 1
20 17 1
20 19 1
20 2 1
20 37 1
20 7 1
20 11 1
20 1 1
21 10 1
21 9 1
21 31 1
21 0 1
21 28 1
21 15 1
21 6 1
21 2 1
21 33 1
21 24 1
22 18 1
22 10 1
22 23 1
22 6 1
22 24 1
22 4 1
22 15 1
22 1 1
22 3 1
22 13 1
23 16 1
23 6 1
23 26 1
23 22 1
23 3 1
23 35 1
23 9 1
23 29 1
23 34 1
23 12 1
24 30 1
24 22 1
24 15 1
24 5 1
24 20 1
24 21 1
24 8 1
24 16 1
24 37 1
24 34 1
25 19 1
25 27 1
25 17 1
25 6 1
25 3 1
25 0 1
25 4 1
25 11 1
25 12 1
25 10 1
26 16 1
26 23 1
26 1 1
26 5 1
26 0 1
26 15 1
26 6 1
26 33 1
26 35 1
26 8 1
27 6 1
27 31 1
27 25 1
27 15 1
27 37 1
27 38 1
27 5 1
27 14 1
27 3 1
27 4 1
28 19 1
28 1 1
28 7 1
28 11 1
28 36 1
28 16 1
28 0 1
28 17 1
28 21 1
28 13 1
29 5 1
29 4 1
29 36 1
29 16 1
29 8 1
29 31 1
29 23 1
29 14 1
29 17 1
29 37 1
30 10 1
30 34 1
30 11 1
30 33 1
30 24 1
30 8 1
30 18 1
30 2 1
30 5 1
30 14 1
31 13 1
31 19 1
31 5 1
31 15 1
31 27 1
31 35 1
31 21 1
31 29 1
31 3 1
31 20 1
32 17 1
32 5 1
32 2 1
32 0 1
32 18 1
32 9 1
32 39 1
32 4 1
32 14 1
32 37 1
33 14 1
33 8 1
33 16 1
33 4 1
33 30 1
33 38 1
33 6 1
33 12 1
33 26 1
33 21 1
34 7 1
34 30 1
34 15 1
34 10 1
34 23 1
34 1 1
34 12 1
34 0 1
34 2 1
34 24 1
35 11 1
35 4 1
35 6 1
35 38 1
35 31 1
35 23 1
35 12 1
35 15 1
35 26 1
35 39 1
36 6 1
36 28 1
36 29 1
36 16 1
36 8 1
36 4 1
36 9 1
36 2 1
36 19 1
36 14 1
37 17 1
37 27 1
37 2 1
37 19 1
37 4 1
37 29 1
37 20 1
37 32 1
37 24 1
37 1 1
38 35 1
38 14 1
38 33 1
38 8 1
38 15 1
38 27 1
38 17 1
38 18 1
38 9 1
38 7 1
39 17 1
39 7 1
39 10 1
39 18 1
39 35 1
39 12 1
39 14 1
39 32 1
39 11 1
39 1 1
