# 32 156
0 1 1
0 31 1
0 2 3
0 6 1
1 0 1
1 2 1
1 5 1
1 6 1
1 14 1
1 31 1
2 1 1
2 3 1
2 0 3
2 27 1
3 2 1
3 4 2
3 5 1
3 9 1
3 25 1
4 3 2
4 5 1
4 8 1
4 13 1
4 30 1
5 4 1
5 6 1
5 1 1
5 3 1
5 7 1
5 8 1
6 5 1
6 7 3
6 0 1
6 1 1
7 6 3
7 8 1
7 5 1
7 10 1
8 7 1
8 9 2
8 4 1
8 5 1
8 19 1
9 8 2
9 10 1
9 3 1
9 16 1
9 21 1
10 9 1
10 11 2
10 7 1
10 12 1
10 25 1
11 10 2
11 12 1
11 16 1
11 21 1
11 31 1
12 11 1
12 13 1
12 10 1
12 17 1
12 28 1
12 29 1
13 12 1
13 14 4
13 4 1
14 13 4
14 15 1
14 1 1
15 14 1
15 16 1
15 17 2
15 22 2
16 15 1
16 17 1
16 11 1
16 9 1
16 18 1
16 29 1
17 16 1
17 18 2
17 12 1
17 15 2
18 17 2
18 19 1
18 16 1
18 20 1
18 22 1
19 18 1
19 20 2
19 8 1
19 21 1
19 22 1
20 19 2
20 21 1
20 18 1
20 23 1
20 24 1
21 20 1
21 22 1
21 19 1
21 9 1
21 11 1
21 27 1
22 21 1
22 23 1
22 15 2
22 19 1
22 18 1
23 22 1
23 24 2
23 20 1
23 28 1
23 30 1
24 23 2
24 25 1
24 20 1
24 26 1
24 27 1
25 24 1
25 26 2
25 10 1
25 3 1
25 27 1
26 25 2
26 27 1
26 24 1
26 30 2
27 26 1
27 28 1
27 2 1
27 21 1
27 24 1
27 25 1
28 27 1
28 29 2
28 12 1
28 23 1
28 31 1
29 28 2
29 30 1
29 12 1
29 16 1
29 31 1
30 29 1
30 31 1
30 23 1
30 26 2
30 4 1
31 30 1
31 0 1
31 28 1
31 11 1
31 29 1
31 1 1
